Webots Project File version R2022b
perspectives: 000000ff00000000fd000000030000000000000226000003d5fc0100000002fb0000001e00480074006d006c0052006f0062006f007400570069006e0064006f00770000000000000002260000000000000000fb0000001a0044006f00630075006d0065006e0074006100740069006f006e0000000000ffffffff0000000000000000000000010000023a00000270fc0200000001fb0000001400540065007800740045006400690074006f00720100000016000002700000008900ffffff000000030000078000000124fc0100000002fb0000000e0043006f006e0073006f006c006501000000000000073d0000000000000000fb0000001a0043006f006e0073006f006c00650041006c006c0041006c006c0100000000000007800000006900ffffff000005440000027000000001000000020000000100000008fc00000000
simulationViewPerspectives: 000000ff000000010000000200000114000004440100000002010000000100
sceneTreePerspectives: 000000ff00000001000000030000001c000000c0000000fa0100000002010000000200
maximizedDockId: -1
centralWidgetVisible: 1
orthographicViewHeight: 1
textFiles: 0 "controllers/lidar_python/lidar_python.py" ""
consoles: Console:All:All
renderingDevicePerspectives: e-puck:camera;0;3.82051;0.0233645;0.0212766
